# fig3 panel(b) epsilon sweep: metric=abs(sum(weights .* sigma) - (1 - 1 / eps_d))
# source=(0.1, 0.2, 0.3) charge=1.0 eps_src=eps_d p_quad=4 fmm_tol=1.0e-6 gmres_tol=1.0e-6 up_tol=1.0e-6 max_order=64
# alpha        eps_d        k   l_ec        l_min       npanels   N          charge            charge_theory     abs_error         gmres_res     dt[s]
  0.30303      1.86957      1   0.505       0.5         96        1536        4.63391328e-01     4.65116279e-01     1.72495118e-03     1.46e-06      7.8
  0.30303      1.86957      2   0.2525      0.25        312       4992        4.64193237e-01     4.65116279e-01     9.23042404e-04     1.7e-07       0.6
  0.30303      1.86957      3   0.1263      0.125       816       13056       4.64622437e-01     4.65116279e-01     4.93841932e-04     3.88e-07      2.0
  0.30303      1.86957      4   0.06313     0.0625      1896      30336       4.64852138e-01     4.65116279e-01     2.64141221e-04     8.2e-07       4.3
  0.30303      1.86957      5   0.03156     0.03125     4128      66048       4.64974972e-01     4.65116279e-01     1.41306701e-04     1.14e-07      10.8
  0.30303      1.86957      6   0.01578     0.01562     8664      138624      4.65040697e-01     4.65116279e-01     7.55819753e-05     2.24e-07      19.2
  0.30303      1.86957      7   0.007891    0.007812    17808     284928      4.65075858e-01     4.65116279e-01     4.04212816e-05     4.12e-07      38.1
  0.30303      1.86957      8   0.003945    0.003906    36168     578688      4.65094673e-01     4.65116279e-01     2.16060857e-05     7.02e-07      75.9
  0.606061     4.07692      1   0.505       0.5         96        1536        7.40261209e-01     7.54716981e-01     1.44557724e-02     2.7e-06       0.3
  0.606061     4.07692      2   0.2525      0.25        312       4992        7.46389151e-01     7.54716981e-01     8.32783014e-03     1.03e-06      0.8
  0.606061     4.07692      3   0.1263      0.125       816       13056       7.49930114e-01     7.54716981e-01     4.78686668e-03     3.95e-07      2.9
  0.606061     4.07692      4   0.06313     0.0625      1896      30336       7.51969338e-01     7.54716981e-01     2.74764270e-03     9.79e-07      5.2
  0.606061     4.07692      5   0.03156     0.03125     4128      66048       7.53141238e-01     7.54716981e-01     1.57574295e-03     3.92e-07      12.2
  0.606061     4.07692      6   0.01578     0.01562     8664      138624      7.53813773e-01     7.54716981e-01     9.03207984e-04     8.14e-07      24.3
  0.606061     4.07692      7   0.007891    0.007812    17808     284928      7.54199296e-01     7.54716981e-01     5.17684936e-04     2.98e-07      48.1
  0.606061     4.07692      8   0.003945    0.003906    36168     578688      7.54420267e-01     7.54716981e-01     2.96714253e-04     5.46e-07      95.4
  0.909091     21           1   0.505       0.5         96        1536        8.04337755e-01     9.52380952e-01     1.48043197e-01     3.06e-06      0.4
  0.909091     21           2   0.2525      0.25        312       4992        8.55749784e-01     9.52380952e-01     9.66311683e-02     2.4e-06       1.5
  0.909091     21           3   0.1263      0.125       816       13056       8.90556844e-01     9.52380952e-01     6.18241085e-02     1.91e-06      4.0
  0.909091     21           4   0.06313     0.0625      1896      30336       9.13360385e-01     9.52380952e-01     3.90205677e-02     1.52e-06      7.7
  0.909091     21           5   0.03156     0.03125     4128      66048       9.27972611e-01     9.52380952e-01     2.44083413e-02     1.17e-06      15.4
  0.909091     21           6   0.01578     0.01562     8664      138624      9.37201051e-01     9.52380952e-01     1.51799009e-02     3.08e-06      29.1
  0.909091     21           7   0.007891    0.007812    17808     284928      9.42974616e-01     9.52380952e-01     9.40633590e-03     2.14e-06      59.6
  0.909091     21           8   0.003945    0.003906    36168     578688      9.46566061e-01     9.52380952e-01     5.81489099e-03     1.28e-06      120.7
