# fig3 panel(b) multi-p sweep  (correct_edges=true, max_order=64)
# fmm_tol=1.0e-6 gmres_tol=1.0e-6 up_tol=1.0e-6  ref=(p=6,k=9)
# p   k   l_ec        npanels   N          gmres_res     dt[s]
  2   1   0.505       96        384         1.66e-06      6.8
  2   2   0.2525      312       1248        9.75e-07      0.2
  2   3   0.1263      816       3264        5.89e-07      0.5
  2   4   0.06313     1896      7584        3.84e-07      1.7
  2   5   0.03156     4128      16512       1.84e-07      4.3
  2   6   0.01578     8664      34656       7.88e-07      8.8
  2   7   0.007891    17808     71232       2.96e-07      19.0
  2   8   0.003945    36168     144672      1.02e-06      41.1
  3   1   0.505       96        864         7.49e-07      0.1
  3   2   0.2525      312       2808        4.49e-07      0.3
  3   3   0.1263      816       7344        2.82e-07      1.2
  3   4   0.06313     1896      17064       1.34e-07      3.8
  3   5   0.03156     4128      37152       5.9e-07       7.2
  3   6   0.01578     8664      77976       2.27e-07      14.1
  3   7   0.007891    17808     160272      8.16e-07      28.9
  3   8   0.003945    36168     325512      3.66e-07      62.9
  4   1   0.505       96        1536        4.31e-07      0.2
  4   2   0.2525      312       4992        1.26e-06      0.4
  4   3   0.1263      816       13056       7.29e-07      1.8
  4   4   0.06313     1896      30336       3.39e-07      4.7
  4   5   0.03156     4128      66048       1.33e-07      13.5
  4   6   0.01578     8664      138624      5.09e-07      24.4
  4   7   0.007891    17808     284928      2.33e-07      48.2
  4   8   0.003945    36168     578688      7.2e-07       97.4
  5   1   0.505       96        2400        1.34e-06      0.3
  5   2   0.2525      312       7800        5.22e-07      0.9
  5   3   0.1263      816       20400       2.07e-07      3.0
  5   4   0.06313     1896      47400       7e-07         6.1
  5   5   0.03156     4128      103200      2.71e-07      13.3
  5   6   0.01578     8664      216600      9.39e-07      28.0
  5   7   0.007891    17808     445200      4.17e-07      57.6
  5   8   0.003945    36168     904200      2.08e-07      121.4
  6   1   0.505       96        3456        1.18e-06      0.4
  6   2   0.2525      312       11232       8.69e-07      1.4
  6   3   0.1263      816       29376       4.14e-07      4.4
  6   4   0.06313     1896      68256       2.15e-07      12.2
  6   5   0.03156     4128      148608      5.33e-07      23.1
  6   6   0.01578     8664      311904      2.94e-07      48.8
  6   7   0.007891    17808     641088      7.21e-07      103.0
  6   8   0.003945    36168     1302048     4.11e-07      218.9
  6   9   0.001973    72960     2626560     9.29e-07      438.9
