# p=2 self-convergence on diagonal plane y=x  (432 targets, off 1e-2..5)
# fmm_tol=1.0e-6 gmres_tol=1.0e-6 hcub_atol=1.0e-8 range_factor=5.0 k_max=16
# k    l_ec          npanels       N            delta_k        gmres_res     dt[s]
  1    0.505   96   384   —   1.19e-6   8.7
  2    0.2525   312   1248   0.27788   9.6e-7   0.7
  3    0.1262   816   3264   0.019258   5.05e-7   2.5
  4    0.06312   1896   7584   0.01816   1.06e-6   2.6
  5    0.03156   4128   16512   0.0070751   4.35e-7   16.2
  6    0.01578   8664   34656   0.0046549   1.1e-6   17.2
  7    0.007891   17808   71232   0.0029147   5.03e-7   27.1
  8    0.003945   36168   144672   0.0017942   2.53e-7   27.3
  9    0.001973   72960   291840   0.0010937   6.05e-7   44.5
  10    0.0009863   146616   586464   0.00066226   2.91e-7   51.1
  11    0.0004932   294000   1176000   0.00040006   6.64e-7   72.1
  12    0.0002466   588840   2355360   0.00024225   3.38e-7   143.0
  13    0.0001233   1178592   4714368   0.00014556   7.36e-7   224.1
  14    6.165e-5   2358168   9432672   8.9118e-5   3.61e-7   404.7
  15    3.082e-5   4717392   18869568   5.4779e-5   7.44e-7   763.2
