# corner=(-0.5, 0.5)
# edge 1: corners=[(-0.5, 0.5), (-0.45, 0.5)]  is_singular=true
1.640385320129112e-04  2.411124985087084e-02  1
1.158835326642238e-03  1.240871646841381e-02  1
3.032183436132541e-03  8.716227308775918e-03  1
5.715411334363762e-03  6.679810231404969e-03  1
9.109620308274224e-03  5.270215313382945e-03  1
1.308966344196555e-02  4.164324215036796e-03  1
1.750878589257365e-02  3.231270023757028e-03  1
2.220404071964099e-02  2.412045446112428e-03  1
2.700229849446684e-02  1.679988424172481e-03  1
3.172663165979450e-02  1.024787700313968e-03  1
3.620283884150249e-02  4.449341787994563e-04  1
4.026586891419831e-02  -5.632683535604829e-05  1
4.376590879666659e-02  -4.734295070905712e-04  1
4.657391412015510e-02  -8.001035129223615e-04  1
4.858640216275900e-02  -1.030525783929578e-03  1
4.972963241670114e-02  -1.160191897319347e-03  1
# edge 2: corners=[(-0.5, 0.5), (-0.5, 0.45)]  is_singular=true
1.640385320129112e-04  -2.436950034799971e-02  2
1.158835326642238e-03  -1.303872769887639e-02  2
3.032183436132541e-03  -9.815854446701225e-03  2
5.715411334363762e-03  -8.357194489946542e-03  2
9.109620308274224e-03  -7.624169324407638e-03  2
1.308966344196555e-02  -7.276442156533181e-03  2
1.750878589257365e-02  -7.160927775514208e-03  2
2.220404071964099e-02  -7.193069586184999e-03  2
2.700229849446684e-02  -7.318644054720403e-03  2
3.172663165979450e-02  -7.498970865175936e-03  2
3.620283884150249e-02  -7.704509950105411e-03  2
4.026586891419831e-02  -7.911900153257208e-03  2
4.376590879666659e-02  -8.102533590884448e-03  2
4.657391412015510e-02  -8.261845345783801e-03  2
4.858640216275900e-02  -8.378943138592065e-03  2
4.972963241670114e-02  -8.446420330523301e-03  2
