# corner=(-0.5, 0.5)
# edge 1: corners=[(-0.5, 0.5), (-0.49921875, 0.5)]  is_singular=false
1.068803964998644e-06  1.423268053622432e-01  1
5.620503302605773e-06  7.427550158921586e-02  1
1.376474391112659e-05  5.495849493539513e-02  1
2.542731408677890e-05  4.480513846610248e-02  1
4.049954852886062e-05  3.839014288059367e-02  1
5.884077588569347e-05  3.391390000686603e-02  1
8.027976719998664e-05  3.058921673094238e-02  1
1.046163598670269e-04  2.801164853574617e-02  1
1.316233332303574e-04  2.595007395568940e-02  1
1.610485323277899e-04  2.426196912147934e-02  1
1.926172230733436e-04  2.285425410889468e-02  1
2.260346577614425e-04  2.166335189260866e-02  1
2.609888272335215e-04  2.064424554670885e-02  1
2.971533741202292e-04  1.976410653328221e-02  1
3.341906400066708e-04  1.899840088107002e-02  1
3.717548180907082e-04  1.832841200611820e-02  1
4.094951819092474e-04  1.773961030753339e-02  1
4.470593599932848e-04  1.722054842491882e-02  1
4.840966258797263e-04  1.676209363157089e-02  1
5.202611727664341e-04  1.635688269041308e-02  1
5.552153422385131e-04  1.599892723592925e-02  1
5.886327769266120e-04  1.568332331488043e-02  1
6.202014676721657e-04  1.540603447529702e-02  1
6.496266667695982e-04  1.516372776199873e-02  1
6.766336401329287e-04  1.495364843514611e-02  1
7.009702327999690e-04  1.477352350360086e-02  1
7.224092241142621e-04  1.462148705157589e-02  1
7.407504514710950e-04  1.449602232128443e-02  1
7.558226859131767e-04  1.439591689432891e-02  1
7.674852560888290e-04  1.432022824281094e-02  1
7.756294966973498e-04  1.426825716483046e-02  1
7.801811960349569e-04  1.423952028638779e-02  1
# edge 2: corners=[(-0.5, 0.49921875), (-0.5, 0.5)]  is_singular=false
1.068803964998644e-06  -1.423696365711906e-01  2
5.620503302605773e-06  -7.435254670953985e-02  2
1.376474391112659e-05  -5.506299813219383e-02  2
2.542731408677890e-05  -4.493446710060937e-02  2
4.049954852886062e-05  -3.854268980784019e-02  2
5.884077588569347e-05  -3.408856337578130e-02  2
8.027976719998664e-05  -3.078517887234342e-02  2
1.046163598670269e-04  -2.822825936182453e-02  2
1.316233332303574e-04  -2.618678236109833e-02  2
1.610485323277899e-04  -2.451827913854535e-02  2
1.926172230733436e-04  -2.312969512140301e-02  2
2.260346577614425e-04  -2.195745747613644e-02  2
2.609888272335215e-04  -2.095653795864643e-02  2
2.971533741202292e-04  -2.009408511997638e-02  2
3.341906400066708e-04  -1.934553334287374e-02  2
3.717548180907082e-04  -1.869212784517511e-02  2
4.094951819092474e-04  -1.811929601159486e-02  2
4.470593599932848e-04  -1.761554408105474e-02  2
4.840966258797263e-04  -1.717169075242965e-02  2
5.202611727664341e-04  -1.678032309286804e-02  2
5.552153422385131e-04  -1.643540284924131e-02  2
5.886327769266120e-04  -1.613197681997027e-02  2
6.202014676721657e-04  -1.586596069272431e-02  2
6.496266667695982e-04  -1.563397571660886e-02  2
6.766336401329287e-04  -1.543322403186657e-02  2
7.009702327999690e-04  -1.526139275282983e-02  2
7.224092241142621e-04  -1.511657978485312e-02  2
7.407504514710950e-04  -1.499723633919918e-02  2
7.558226859131767e-04  -1.490212248985984e-02  2
7.674852560888290e-04  -1.483027304761566e-02  2
7.756294966973498e-04  -1.478097129524796e-02  2
7.801811960349569e-04  -1.475372215270199e-02  2
