# corner=(-0.5, 0.5)
1.640385320129112e-04  4.597540801802155e-03  1
1.158835326642238e-03  4.507729591413992e-03  1
3.032183436132541e-03  4.347893404839456e-03  1
5.715411334363762e-03  4.106514133207685e-03  1
9.109620308274224e-03  3.778179772263961e-03  1
1.308966344196555e-02  3.364341387731095e-03  1
1.750878589257365e-02  2.873271800630044e-03  1
2.220404071964099e-02  2.319552580825075e-03  1
2.700229849446684e-02  1.723207959731933e-03  1
3.172663165979450e-02  1.108538331088984e-03  1
3.620283884150249e-02  5.027007306018450e-04  1
4.026586891419831e-02  -6.591110356450869e-05  1
4.376590879666659e-02  -5.694199461042538e-04  1
4.657391412015510e-02  -9.822616433995391e-04  1
4.858640216275900e-02  -1.282911775386176e-03  1
4.972963241670114e-02  -1.455451419871956e-03  1
1.640385320129112e-04  -4.646784088856094e-03  2
1.158835326642238e-03  -4.736594540799232e-03  2
3.032183436132541e-03  -4.896417601306216e-03  2
5.715411334363762e-03  -5.137711416647915e-03  2
9.109620308274224e-03  -5.465712614937192e-03  2
1.308966344196555e-02  -5.878609406602020e-03  2
1.750878589257365e-02  -6.367555695580749e-03  2
2.220404071964099e-02  -6.917242438189151e-03  2
2.700229849446684e-02  -7.506924159760867e-03  2
3.172663165979450e-02  -8.111823205157711e-03  2
3.620283884150249e-02  -8.704799418416599e-03  2
4.026586891419831e-02  -9.258146087864530e-03  2
4.376590879666659e-02  -9.745366884676834e-03  2
4.657391412015510e-02  -1.014280484436506e-02  2
4.858640216275900e-02  -1.043102946614438e-02  2
4.972963241670114e-02  -1.059596648735403e-02  2
