# corner=(-0.5, 0.5)
# edge 1: corners=[(-0.5, 0.5), (-0.45, 0.5)]  is_singular=false
2.649766252088015e-04  2.296201636235362e-02  1
1.385624423169196e-03  1.174577694885887e-02  1
3.359219940304248e-03  8.394914287338864e-03  1
6.114889791124956e-03  6.481874647511856e-03  1
9.553093889933917e-03  5.131054229899209e-03  1
1.354958055856936e-02  4.058732027619461e-03  1
1.795991123051854e-02  3.147912369431446e-03  1
2.262468725405908e-02  2.345343869226759e-03  1
2.737531274594096e-02  1.626953911687558e-03  1
3.204008876948150e-02  9.835969188969715e-04  1
3.645041944143068e-02  4.142233955648891e-04  1
4.044690611006613e-02  -7.783141452604494e-05  1
4.388511020887509e-02  -4.871034939841805e-04  1
4.664078005969580e-02  -8.075101854636984e-04  1
4.861437557683085e-02  -1.033432034416118e-03  1
4.973502337479124e-02  -1.160534745936090e-03  1
# edge 2: corners=[(-0.5, 0.45), (-0.5, 0.5)]  is_singular=false
2.649766252088015e-04  -2.326811862559114e-02  2
1.385624423169196e-03  -1.243933793129505e-02  2
3.359219940304248e-03  -9.568663956573208e-03  2
6.114889791124956e-03  -8.241129709503458e-03  2
9.553093889933917e-03  -7.570942174535515e-03  2
1.354958055856936e-02  -7.256909642408610e-03  2
1.795991123051854e-02  -7.160028818940715e-03  2
2.262468725405908e-02  -7.201995241173435e-03  2
2.737531274594096e-02  -7.331869354883666e-03  2
3.204008876948150e-02  -7.512962474391541e-03  2
3.645041944143068e-02  -7.717090480416044e-03  2
4.044690611006613e-02  -7.921890759821646e-03  2
4.388511020887509e-02  -8.109519585353475e-03  2
4.664078005969580e-02  -8.265997525951621e-03  2
4.861437557683085e-02  -8.380865178019498e-03  2
4.973502337479124e-02  -8.447008805239690e-03  2
